Defense


meanNwkTwoDefense = 3.76          1.43282936876657
meanNwkTwoDefense = 1.12            0.580517010948
meanNwkTwoDefense = 0.44        0.0547722557505166
meanNwkTwoDefense = 0.52         0.277488738510232



