No Attack

meanFourNoAttack =    0.5000    0.0707
meanFourNoAttack =    0.5       0.0707106781186547
meanFourNoAttack =    0.5000    0.0707
meanFourNoAttack =    0.5       0.0707106781186547



